X_CRS3413	Y_CRS3413	Z

-4575086.689968171	-1136213.947318093	2121.229105471
-4574978.3222147385	-1136189.9385784052	2017.8028357181
-4574954.313237508	-1136298.3059293749	1987.9552129768
-4574930.303620285	-1136406.6731154164	2012.1751783016
-4574906.293363076	-1136515.0401365086	2075.0601279265
-4574882.282465883	-1136623.4069926327	2111.6165289748
-4574917.970805988	-1135949.1960869594	2010.7853218572
-4574893.963273636	-1136057.5631277363	1931.801949689
-4574869.955101305	-1136165.930003627	1865.4123580572
-4574845.946288994	-1136274.296714613	1911.926516252
-4574821.9368367065	-1136382.6632606722	1917.2510592691
-4574797.926744455	-1136491.0296417882	1940.3266150107
-4574773.916012236	-1136599.3958579404	2002.8924440934
-4574749.904640057	-1136707.7619091112	2085.0695993422
-4574833.610730269	-1135816.8223913696	1988.0462950587
-4574809.604002763	-1135925.1889570344	1876.9133418027
-4574785.5966352895	-1136033.5553578374	1847.9939207818
-4574761.58862785	-1136141.9215937576	1848.4317968356
-4574737.579980452	-1136250.287664777	1848.8096298958
-4574713.5706931	-1136358.6535708746	1867.5615192258
-4574689.560765795	-1136467.0193120332	1894.9468050147
-4574665.550198548	-1136575.3848882334	1931.3473366242
-4574641.53899136	-1136683.7502994554	2007.1289094972
-4574617.527144234	-1136792.115545681	2070.5353812594
-4574593.514657177	-1136900.4806268916	2133.5525399266
-4574749.250324863	-1135684.4499757267	1947.414700791
-4574725.244402163	-1135792.8160662714	1868.2343935243
-4574701.237839507	-1135901.181991974	1834.8212407307
-4574677.230636902	-1136009.5477528193	1851.4305260617
-4574653.222794354	-1136117.913348788	1860.0560954558
-4574629.214311865	-1136226.27877986	1880.8115886455
-4574605.2051894395	-1136334.6440460132	1910.3062313067
-4574581.1954270825	-1136443.0091472345	1935.8853287494
-4574557.185024802	-1136551.3740835006	1961.7537918575
-4574533.173982596	-1136659.738854795	1972.4232693187
-4574509.162300474	-1136768.1034610963	2004.4149925763
-4574485.149978442	-1136876.4679023875	2036.4171715488
-4574461.1370165	-1136984.832178648	2128.4339685122
-4574664.8895898145	-1135552.0788400003	1921.2868530131
-4574640.884471881	-1135660.4444554148	1830.1837916106
-4574616.878714008	-1135768.80990601	1815.0756042824
-4574592.872316201	-1135877.1751917729	1836.1267955108
-4574568.865278462	-1135985.5403126809	1871.7151547473
-4574544.857600799	-1136093.905268715	1905.6803230188
-4574520.849283212	-1136202.2700598568	1932.2592935099
-4574496.84032571	-1136310.63468609	1989.0768799267
-4574472.830728296	-1136418.9991473898	2007.6197640357
-4574448.820490975	-1136527.363443743	2041.6124938869
-4574424.809613749	-1136635.7275751252	2018.3288683666
-4574400.798096627	-1136744.0915415217	1981.2927536556
-4574376.7859396115	-1136852.4553429133	2064.7887224928
-4574352.773142706	-1136960.8189792784	2112.1406635764
-4574556.524211968	-1135528.0741244382	1901.0248377601
-4574532.519258839	-1135636.4390999181	1801.0814455817
-4574508.513665791	-1135744.803910586	1787.6428494992
-4574484.507432824	-1135853.168556426	1819.920334097
-4574460.500559947	-1135961.5330374143	1897.2490324745
-4574436.493047164	-1136069.8973535358	1944.6009271519
-4574412.484894478	-1136178.261504768	2010.1074099269
-4574448.159474047	-1135504.0695736664	1853.6041143303
-4574424.154685719	-1135612.433909232	1777.3608403223
-4574400.149257487	-1135720.7980799936	1747.6197011486
-4574376.14318936	-1135829.1620859269	1791.4407613956
-4574352.13648134	-1135937.5259270174	1884.9875878987
-4574328.129133429	-1136045.889603243	1909.2238916265
-4574304.1211456405	-1136154.2531145853	1964.6424583579
-4574363.799359683	-1135371.7013272266	1916.4012157683
-4574339.795376034	-1135480.065187683	1778.7268550308
-4574315.790752499	-1135588.4288833549	1758.79644332
-4574291.785489084	-1135696.792414225	1753.3534631393
-4574267.779585789	-1135805.1557802747	1802.5163674832
-4574243.77304262	-1135913.5189814824	1867.7031175054
-4574219.765859582	-1136021.8820178327	1886.2292974221
-4574195.758036681	-1136130.244889304	1949.0066489782
-4574171.749573922	-1136238.6075958773	2018.3459777551
-4574279.438915785	-1135239.334360573	1888.8581294214
-4574255.435736782	-1135347.6977459078	1808.5074322829
-4574231.431917908	-1135456.0609664824	1748.7734749896
-4574207.4274591645	-1135564.424022279	1748.8151407707
-4574183.422360556	-1135672.7869132778	1789.0993940776
-4574159.41662209	-1135781.1496394617	1813.1149071165
-4574135.410243769	-1135889.5122008086	1852.269485066
-4574111.4032256	-1135997.8745973015	1863.5888625674
-4574087.395567582	-1136106.2368289193	1941.7319021482
-4574195.078142408	-1135106.9686736718	1929.7945536192
-4574171.075768013	-1135215.3315838769	1790.6741924803
-4574147.072753758	-1135323.6943293458	1743.951416729
-4574123.069099649	-1135432.0569100613	1736.2823174376
-4574099.064805692	-1135540.419326	1768.0234992689
-4574075.059871889	-1135648.7815771478	1801.6562135504
-4574051.054298244	-1135757.1436634832	1812.3620572277
-4574027.0480847685	-1135865.5055849873	1845.453339524
-4574003.041231461	-1135973.8673416418	1863.6104285627
-4573979.0337383235	-1136082.2289334289	1939.013359365
-4573955.025605366	-1136190.5903603248	2003.0963728918
-4574086.715469769	-1135082.9667015641	1885.8641579293
-4574062.713260098	-1135191.3289719182	1768.759561389
-4574038.710410588	-1135299.6910775416	1731.5009473052
-4574014.706921238	-1135408.0530184133	1723.5666187844
-4573990.702792063	-1135516.4147945158	1777.5748369204
-4573966.69802306	-1135624.7764058302	1833.9526548718
-4573942.692614238	-1135733.1378523374	1837.3753934483
-4573918.686565597	-1135841.4991340174	1842.3660758633
-4573894.679877145	-1135949.860250853	1877.4315577253
-4573870.672548886	-1136058.2212028245	1939.6233463731
-4574002.354842104	-1134950.6030989415	1896.7575864964
-4573978.353436977	-1135058.9648941704	1820.3848771024
-4573954.351392024	-1135167.326524691	1753.9751930613
-4573930.34870725	-1135275.6879904852	1716.1514462816
-4573906.345382661	-1135384.0492915337	1708.8656554208
-4573882.3414182635	-1135492.41042782	1744.0382068708
-4573858.336814054	-1135600.771399318	1807.6810838826
-4573834.331570044	-1135709.1322060162	1846.4937047663
-4573810.32568624	-1135817.4928478927	1853.1188369454
-4573786.319162639	-1135925.8533249288	1908.7243309533
-4573869.992044008	-1135034.9632514827	1764.0568363865
-4573845.9901637705	-1135143.3242421893	1712.2384175034
-4573821.987643732	-1135251.685068175	1689.6074798886
-4573797.984483896	-1135360.0457294197	1688.1951732822
-4573773.9806842655	-1135468.4062259058	1702.5272698282
-4573749.976244851	-1135576.7665576104	1757.9309145022
-4573725.97116565	-1135685.126724519	1801.7022399931
-4573701.965446672	-1135793.4867266088	1845.796550175
-4573785.632366586	-1134902.6012578856	1853.7462891289
-4573761.631290846	-1135010.9617734968	1747.5541324707
-4573737.629575318	-1135119.322124411	1691.1835389182
-4573713.627220008	-1135227.6823106073	1671.8900940337
-4573689.624224919	-1135336.0423320672	1669.7494859364
-4573665.620590058	-1135444.4021887702	1693.198918634
-4573641.616315427	-1135552.7618806998	1731.8579225654
-4573617.611401035	-1135661.1214078376	1753.672499985
-4573593.605846883	-1135769.4807701607	1786.7517918482
-4573569.599652974	-1135877.8399676539	1877.5534293106
-4573677.272088522	-1134878.6005843792	1808.7310673969
-4573653.27117747	-1134986.9604602112	1727.7369886107
-4573629.269626647	-1135095.320171349	1685.8217355178
-4573605.267436063	-1135203.6797177757	1657.0031861207
-4573581.264605718	-1135312.0390994686	1656.7412747796
-4573557.26113562	-1135420.3983164118	1669.4618750078
-4573533.257025771	-1135528.7573685844	1697.4004098008
-4573509.252276177	-1135637.1162559672	1728.4266580261
-4573485.246886843	-1135745.4749785452	1760.0726968669
-4573461.240857775	-1135853.8335362945	1816.9990948633
-4573568.912450234	-1134854.6000755478	1789.7472000452
-4573544.911703862	-1134962.9593116196	1721.4136380578
-4573520.91031774	-1135071.3183830003	1680.2061344862
-4573496.908291874	-1135179.6772896743	1652.36191459
-4573472.90562627	-1135288.0360316208	1676.6800222937
-4573448.902320929	-1135396.3946088213	1688.5359671888
-4573424.898375859	-1135504.7530212568	1693.2286706152
-4573400.893791061	-1135613.111268907	1714.1955857633
-4573376.888566542	-1135721.4693517552	1755.4676609204
-4573352.882702308	-1135829.8272697795	1820.3475159119
-4573460.553451698	-1134830.5997313855	1774.6980903958
-4573436.552870004	-1134938.958327715	1715.941756537
-4573412.5516485805	-1135047.3167593605	1687.8571970137
-4573388.549787429	-1135155.6750262997	1668.4232495002
-4573364.54728656	-1135264.0331285186	1703.7262241557
-4573340.544145972	-1135372.3910659961	1717.884711594
-4573316.540365673	-1135480.7488387115	1720.00447052
-4573292.535945667	-1135589.1064466492	1730.0086102511
-4573268.530885957	-1135697.463889787	1777.800933225
-4573352.195092899	-1134806.5995518898	1775.3233245641
-4573328.194675877	-1134914.9575084965	1724.5978903721
-4573304.193619144	-1135023.3153004218	1702.8565181573
-4573280.191922705	-1135131.6729276504	1686.0497872761
-4573256.189586563	-1135240.0303901585	1721.9721488577
-4573232.186610724	-1135348.3876879313	1747.1706954661
-4573208.182995195	-1135456.744820949	1753.9081433971
-4573184.178739973	-1135565.1017891904	1750.2711119664
-4573160.173845071	-1135673.4585926381	1791.5198553067
-4573243.8373738155	-1134782.5995370562	1750.0522323507
-4573219.83712146	-1134890.956853957	1707.1251150632
-4573195.836229415	-1134999.3140061838	1686.4833352472
-4573171.8346976815	-1135107.6709937172	1686.3880771569
-4573147.832526265	-1135216.027816537	1717.8779785351
-4573123.82971517	-1135324.384474624	1740.3115178149
-4573099.826264403	-1135432.7409679582	1738.3528146439
-4573075.822173964	-1135541.0972965243	1724.9009454641
-4573051.8174438635	-1135649.4534603013	1768.4806617977
-4573135.480294426	-1134758.599686876	1747.1695365587
-4573111.480206735	-1134866.9563640936	1695.5777951122
-4573087.4794793725	-1134975.3128766401	1661.6222306386
-4573063.478112339	-1135083.6692244972	1667.6808350757
-4573039.4761056425	-1135192.0254076456	1703.9835656267
-4573015.473459288	-1135300.3814260666	1730.3920801261
-4572991.470173279	-1135408.7372797397	1728.6022374664
-4572967.46624762	-1135517.092968648	1731.6453737554
-4573003.1239316845	-1134842.9560388997	1685.6086014447
-4572979.123368998	-1134951.3119117867	1640.8007716166
-4572955.122166663	-1135059.6676199858	1656.2525190296
-4572931.120324684	-1135168.0231634835	1690.148093217
-4572883.114721808	-1135384.733756287	1704.7791399624
-4572859.11096092	-1135493.088805556	1716.3320047063
-4572870.767898273	-1134927.3111116155	1647.8524472409
-4572846.766860629	-1135035.6661801795	1652.2466478238
-4572822.765183362	-1135144.0210840413	1661.5468063714
-4572762.413067181	-1134903.3104761278	1643.7020050649
-4572738.412194225	-1135011.6649050703	1642.9905048914
-4572714.410681663	-1135120.0191693197	1641.6892882905
-4572654.058875697	-1134879.3100053137	1644.5342397833
